random_seed: 444

detect:
  # source: "/data/s110_n_dataset/training/image_2"
  # source: "/data/s120_n_cam_8_video.mp4"
  source: "/data/s040_camera_basler_north_50mm"

  # source: "/data/s110_s_cam_8_image_raw_dfu_ss_s110_2024_05_16_09_24_30.mp4"
  # source: "/data/s110_s_cam_8_image_raw_dfu_ss_s110_2024_04_02_12_06_59.mp4"
  # source: "/mnt/ssd_4tb/workspace/7_student/deyu/s110_n_cam_8_image_raw_dfu_ss_s110_2024_02_15_12_58_56.mp4"
  # source: "/data/s110_o_cam_8_image_raw_dfu_ss_s110_2024_04_02_07_02_54.mp4"
  # source: "/data/m090_w_cam_50_k_image_raw_dfu_ss_m090_2024_03_11_16_42_55.mp4"
  # source: "/data/s110_w_cam_8_image_raw_dfu_ss_s110_2024_02_15_12_58_56.mp4"
  # source: "/data/w_night_time_snow_2023_12_02_16_43_0.mp4"
  # source: "/data/s110_o_cam_8_image_raw_dfu_ss_s110_2024_03_30_09_17_51.mp4"
  # source: "/data/2022-01-20_16-29_schnee_raeumer_short.mp4"

  project: &ROOT '/mnt/ssd_4tb/workspace/7_student/deyu/workspace/MonoDETR/runs/detect'
  name: "exp_s110_n_dataset"
  nosave: False
  exist_ok: False
  save_txt: True
  save_img: True
  device: "cuda"
  gpu_ids: [0]
  text_save_path: './text_save/'
  # checkpoint: "/workspace/MonoDETR/outputs/monodetr_ema_yolov9_e21.4/student_checkpoint.pth"

  # checkpoint: "/workspace/MonoDETR/outputs/warm3d_4class_4cam_2/teacher_checkpoint_epoch_15.pth"
  checkpoint: "/workspace/MonoDETR/outputs/warm3d_carla_baseline_6class/checkpoint_best.pth"
  # checkpoint: "/workspace/MonoDETR/outputs/warm3d_6class_on4cam_3_masked2D3Dconstrinat_withoutextrinsicloss_withoutplaneloss_GTGroundpitchroll_0.99Keeprate_noextrincsloss/student_checkpoint_epoch_20.pth"
  # checkpoint: "/workspace/MonoDETR/outputs/warm3d_6class_on4cam_3_withoutextrinsicloss_withoutplaneloss_without2D3Dconst_GTGroundpitchroll_0.99Keeprate_noextrincsloss/student_checkpoint_epoch_3.pth"


  # checkpoint: "/mnt/ssd_4tb/workspace/7_student/deyu/workspace/MonoDETR/outputs/warm3d_4class_4cam_2/student_checkpoint_epoch_15.pth"
  # for img [1920,1200]
  calib: [1296.38, 0.0, 957.363, 0.0, 0.0, 1337.75, 604.919, 0.0, 0.0, 0.0, 1.0, 0.0]
  # for img half [1920,1200]
  # calib: [648.19, 0.0, 478.682, 0.0, 0.0, 668.88, 302.46, 0.0, 0.0, 0.0, 1.0, 0.0] 
  # calib: [2712.764905210029, 0.0, 929.634008232449, 0.0, 0.0, 2879.089123338592, 618.2026963017431, 0.0, 0.0, 0.0, 1.0, 0.0]
  # calib: [1400.3096617691212,0.0,967.7899705163408, 0.0, 0.0,1403.041082755918,581.7195041357244,0.0,0.0, 0.0, 1.0, 0.0]
  #  s110_s
  # extrinsic: [[0.8908996710592079, 0.4539106721758699, -0.01621350645128411, 14.9101040410128], [0.14348498713003754, -0.31513083494486965, -0.9381389104686164, 11.942959999763062], [-0.4309406392705249, 0.8334612519798386, -0.34587932414833933, -7.259570302320384], [0.0, 0.0, 0.0, 1.0]]

  # s120
  # extrinsic: [[-0.10881915877650056,-0.9939345090994899,0.015892838145872543,32.6214887926875],[-0.540980221663101,0.045800209457380926,-0.839787318660506,-0.23713783562362778],[0.8339657010048538,-0.09998266067081918,-0.5426828513161872,18.463728009427882],[0.0,0.0,0.0,1.0]]
  # s110_o
  # extrinsic: [[-0.9791943067183705,-0.20243228170165417,-0.01413085331436903,-14.86237426802586],[-0.07949385649148555,0.4467289911774407,-0.8911307060256075,5.081140416221899],[0.18670628396077432,-0.8714667978567219,-0.45352660755782637,7.648446136603923],[0.0,0.0,0.0,1.0]]

  # s110_w
  # extrinsic:  [[0.9868669754034978,0.1613870750363431,0.00691266006440161,1.4891242696353402],[0.08242702564383086,-0.4663075869422193,-0.880774102595913,8.244394009061523],[-0.1389221303517314,0.8697766646509542,-0.47348621450597506,3.172645642076077],[0.0,0.0,0.0,1.0]]

  # s110_n
  # extrinsic: [[0.636759821687839, -0.771052609811788, -0.003847386970684874, -0.5992114968785813], [-0.4453066645159012, -0.36366580126620224, -0.8181987286271801, 8.05072755513902], [0.6294751019871989, 0.5227093436048773, -0.5749226366097999, 4.171119732791681], [0.0, 0.0, 0.0, 1.0]]

#  m90_w  
  # extrinsic: [[0.36201674154676855,0.9312744174414778,-0.04088811879869758, -68.61443775920246],[0.041014945257916435,-0.059733988553094086,-0.9973713575579706,801.9819390069135],[-0.9312688404028938,0.3593881050209859,-0.05982087314704354,-273.18851679662805],[0.0,0.0,0.0,1.0]]

#  s040_n_cam_near
  extrinsic: [[0.1739805620629716, 0.9842792800888739, -0.030414253616813713, -62.61056464817222], [0.21479359115550153, -0.06807218202974426, -0.9742842959852016, -88.78256927176315], [-0.9610382100627122, 0.16297374266796227, -0.22326012580295734, 430.88237196016314], [0.0, 0.0, 0.0, 1.0]]
  # extrinsic:  [[0.03637223589988601, 0.9991086440290469, -0.02142292875356544, -1.7894354677861166], [-0.16589096846331805, -0.015103253116638142, -0.9860284363688782, 82.56963921061815], [-0.9854730899500558, 0.03941792928985424, 0.16519376742348568, 438.8247957003935], [0.0, 0.0, 0.0, 1.0]]
  class_name : ["Car", "Pedestrian", "Cyclist",  'Van', 'Bus', "BigCar"]
  max_objs: 50
  topk: 50
  vid_stride: 1
  save_path: 's040_camera_basler_north_50mm.mp4'
  threshold: 0.35
  NMS: True
  max_age: 3
  hungarian: True

dataset:
  type: &dataset_type "carla"
  source_dataset_name: "carla" # 'kitti', 'tum', 'carla'
  target_dataset_name: "carla" # 'kitti', 'tum', 'carla'
  source_root_dir: "/data/carla_dataset_large"
  target_root_dir: "/data/s110_o_dataset/"
  # target_root_dir: "/data/tum_traffic_snow"
  target_eval_root_dir: "/data/s110_o_dataset/"
  train_split: "train"
  test_split: &test_split "val"
  batch_size: 8
  use_3d_center: True
  class_merging: False
  use_dontcare: False
  bbox2d_type: "anno" # 'proj' or 'anno'
  meanshape: False # use predefined anchor or not
  # writelist: ['Car','Pedestrian', 'Cyclist',
  #                          'Van', 'Truck', 'Bus', 'Motorcycle', 'Trailer']
  writelist: ["Car", "Pedestrian", "Cyclist", "BigCar"]
  clip_2d: False

  aug_pd: True
  aug_crop: True

  random_flip: 0.5
  random_crop: 0.5
  scale: 0.05
  shift: 0.05
  mode: "image"
  depth_scale: "normal"

model_name: &model_name "warm3d_6class_4cam_1"
model:
  model_name: *model_name
  num_classes: 6
  return_intermediate_dec: True
  device: "cuda"

  # Backbone
  backbone: "resnet50"
  train_backbone: True
  num_feature_levels: 4
  dilation: False
  position_embedding: "sine" # 'sine' or 'learned'
  masks: False

  # Depth predictor
  mode: LID
  num_depth_bins: 80
  depth_min: 1e-3
  depth_max: 120.0

  # Transformer
  with_box_refine: True
  two_stage: False
  use_dab: False
  use_dn: False
  use_target_dn: False
  two_stage_dino: False
  init_box: False
  enc_layers: 3
  dec_layers: 3
  hidden_dim: 256
  dim_feedforward: 256
  dropout: 0.1
  nheads: 8
  num_queries: 50
  enc_n_points: 4
  dec_n_points: 4

  # DN
  scalar: 5
  label_noise_scale: 0.2
  box_noise_scale: 0.4
  num_patterns: 0

  # Loss
  aux_loss: True
  target_aux_loss: true

  # Loss coefficients
  cls_loss_coef: 2
  focal_alpha: 0.25
  bbox_loss_coef: 5
  giou_loss_coef: 2
  3dcenter_loss_coef: 10
  dim_loss_coef: 1
  angle_loss_coef: 1
  depth_loss_coef: 1
  depth_map_loss_coef: 1
  feature_extrinsic_loss_coef: 1

  #Target loss coefficients
  target_cls_loss_coef: 2
  target_bbox_loss_coef: 5
  target_giou_loss_coef: 2
  target_dim_loss_coef: 1
  target_angle_loss_coef: 1
  target_depth_loss_coef: 1
  target_3dcenter_loss_coef: 10
  target_depth_map_loss_coef: 1
  target_constraint_loss_coef: 10
  target_feature_extrinsic_loss_coef: 1
  target_extrinsic_loss_coef: 1

  # Matcher
  set_cost_class: 2
  set_cost_bbox: 5
  set_cost_giou: 2
  set_cost_3dcenter: 10

optimizer:
  type: "adamw"
  lr: 0.0001
  weight_decay: 0.0001

lr_scheduler:
  type: "step" # 'step' or 'cos'
  warmup: False # 5 epoches, cosine warmup, init_lir=0.00001 in default
  decay_rate: 0.1
  # decay_list: [125, 165]
  decay_list: [125, 165]
  burn_in_decay_list: [20, 40]

trainer:
  burn_in_max_epoch: 50
  max_epoch: 20 #195
  gpu_ids: "0"
  save_frequency: 1 # checkpoint save interval (in epoch)
  ema_update_frequency: 1 # EMA update interval (in epoch)
  # resume_model: True
  # pretrain_model: path/to/ckpt
  # burned_in_teacher: "/workspace/MonoDETR/outputs/monodetr_bl_carla_large_ext_vis_depth_MLP/checkpoint_best.pth"
  burned_in_teacher: "/workspace/MonoDETR/outputs/warm3d_4class_4cam/student_checkpoint.pth"
  save_path: "outputs/"
  save_all: True # False for only savng the best and latest ckpts
  use_dn: False
  scalar: 5
  label_noise_scale: 0.2
  box_noise_scale: 0.4
  num_patterns: 0
  threshold_increase_list: 2.0

  wandb_log: &wandb True
  wandb_project: *model_name

tester:
  type: *dataset_type
  mode: single # 'single' or 'all'; 'all' to evaluate all ckpts in the folder
  checkpoint: 40 # the start ckpt epoch for 'all'
  threshold: 0.35 # confidence filter
  topk: 50
  test_split: *test_split

  wandb_log: *wandb
